aes 
   0 :  (128) 2560 ::    0 
   1 :  (40) 2391 ::  169 00000000000000000000000000000000111111111111111111111111111111111111111111111111111111111111111111111111111111111111111111111111		1632 ::  928 
   2 :  (40) 2372 ::  188 00000000000000000000000000000000111111111111111111111111111111111111111111111111111111111111111111111111111111111111111111111111		1632 ::  928 
   3 :  (40) 2370 ::  190 00000000000000000000000000000000111111111111111111111111111111111111111111111111111111111111111111111111111111111111111111111111		1632 ::  928 
   4 :  (40) 2370 ::  190 00000000000000000000000000000000111111111111111111111111111111111111111111111111111111111111111111111111111111111111111111111111		1632 ::  928 
   5 :  (40) 2369 ::  191 00000000000000000000000000000000111111111111111111111111111111111111111111111111111111111111111111111111111111111111111111111111		1632 ::  928 
   6 :  (40) 2368 ::  192 00000000000000000000000000000000111111111111111111111111111111111111111111111111111111111111111111111111111111111111111111111111		1632 ::  928 
   7 :  (40) 2368 ::  192 00000000000000000000000000000000111111111111111111111111111111111111111111111111111111111111111111111111111111111111111111111111		1632 ::  928 
   8 :  (40) 2368 ::  192 00000000000000000000000000000000111111111111111111111111111111111111111111111111111111111111111111111111111111111111111111111111		1632 ::  928 
   9 :  (24) 2167 ::  393 00000000000000000000000000000000000000000000000000000000000000001111111111111111111111111111111111111111111111111111111111111111		1056 :: 1504 
  10 :  (24) 2148 ::  412 00000000000000000000000000000000000000000000000000000000000000001111111111111111111111111111111111111111111111111111111111111111		1056 :: 1504 
  11 :  (24) 2146 ::  414 00000000000000000000000000000000000000000000000000000000000000001111111111111111111111111111111111111111111111111111111111111111		1056 :: 1504 
  12 :  (24) 2146 ::  414 00000000000000000000000000000000000000000000000000000000000000001111111111111111111111111111111111111111111111111111111111111111		1056 :: 1504 
  13 :  (24) 2145 ::  415 00000000000000000000000000000000000000000000000000000000000000001111111111111111111111111111111111111111111111111111111111111111		1056 :: 1504 
  14 :  (24) 2144 ::  416 00000000000000000000000000000000000000000000000000000000000000001111111111111111111111111111111111111111111111111111111111111111		1056 :: 1504 
  15 :  (24) 2144 ::  416 00000000000000000000000000000000000000000000000000000000000000001111111111111111111111111111111111111111111111111111111111111111		1056 :: 1504 
  16 :  (24) 2144 ::  416 00000000000000000000000000000000000000000000000000000000000000001111111111111111111111111111111111111111111111111111111111111111		1056 :: 1504 
  17 :  (17) 1911 ::  649 00000000000000000000000000000000000000000000000000000000000000000000000000000000000000000000000011111111111111111111111111111111		 512 :: 2048 
  18 :  (18) 1892 ::  668 00000000000000000000000000000000000000000000000000000000000000000000000000000000000000000000000011111111111111111111111111111111		 512 :: 2048 
  19 :  (19) 1890 ::  670 00000000000000000000000000000000000000000000000000000000000000000000000000000000000000000000000011111111111111111111111111111111		 512 :: 2048 
  20 :  (20) 1890 ::  670 00000000000000000000000000000000000000000000000000000000000000000000000000000000000000000000000011111111111111111111111111111111		 512 :: 2048 
  21 :  (21) 1889 ::  671 00000000000000000000000000000000000000000000000000000000000000000000000000000000000000000000000011111111111111111111111111111111		 512 :: 2048 
  22 :  (22) 1888 ::  672 00000000000000000000000000000000000000000000000000000000000000000000000000000000000000000000000011111111111111111111111111111111		 512 :: 2048 
  23 :  (23) 1888 ::  672 00000000000000000000000000000000000000000000000000000000000000000000000000000000000000000000000011111111111111111111111111111111		 512 :: 2048 
  24 :  (24) 1888 ::  672 00000000000000000000000000000000000000000000000000000000000000000000000000000000000000000000000011111111111111111111111111111111		 512 :: 2048 
  25 :  (25) 1655 ::  905 
rectangle 
   0 :  (64)  256 ::    0 
   1 :  (64)  246 ::   10 1111111111111110111111111111110111101111111111111101111111111111		 216 ::   40 1100111111111100100111111111100111001100111111111001100111111111		 149 ::  107 1000100011111000000100011111000110001000100011110001000100011111		  50 ::  206 
   2 :  (64)  236 ::   20 1111111111111100111111111111100111001111111111111001111111111111		 191 ::   65 1000111111111000000111111111000110001000111111110001000111111111		 108 ::  148 0000000011110000000000011110000000000000000011110000000000011110		  26 ::  230 
   3 :  (64)  226 ::   30 1111111111111000111111111111000110001111111111110001111111111111		 166 ::   90 0000111111110000000111111110000000000000111111110000000111111110		  83 ::  173 0000000011100000000000011100000000000000000011100000000000011100		  19 ::  237 
   4 :  (64)  216 ::   40 1111111111110000111111111110000100001111111111110001111111111110		 148 ::  108 0000111111100000000111111100000000000000111111100000000111111100		  67 ::  189 0000000011000000000000011000000000000000000011000000000000011000		  12 ::  244 
   5 :  (64)  206 ::   50 1111111111100000111111111100000100001111111111100001111111111100		 131 ::  125 0000111111000000000111111000000000000000111111000000000111111000		  51 ::  205 0000000010000000000000010000000000000000000010000000000000010000		   5 ::  251 
   6 :  (64)  196 ::   60 1111111111000000111111111000000100001111111111000001111111111000		 115 ::  141 0000111110000000000111110000000000000000111110000000000111110000		  35 ::  221 
   7 :  (64)  186 ::   70 1111111110000000111111110000000100001111111110000001111111110000		  99 ::  157 0000111100000000000111100000000000000000111100000000000111100000		  26 ::  230 
   8 :  (64)  176 ::   80 1111111100000000111111100000000100001111111100000001111111100000		  83 ::  173 0000111000000000000111000000000000000000111000000000000111000000		  19 ::  237 
   9 :  (64)  166 ::   90 1111111000000000111111000000000100001111111000000001111111000000		  67 ::  189 0000110000000000000110000000000000000000110000000000000110000000		  12 ::  244 
  10 :  (64)  156 ::  100 1111110000000000111110000000000100001111110000000001111110000000		  51 ::  205 0000100000000000000100000000000000000000100000000000000100000000		   5 ::  251 
  11 :  (64)  146 ::  110 1111100000000000111100000000000100001111100000000001111100000000		  35 ::  221 
  12 :  (64)  136 ::  120 1111000000000000111000000000000100001111000000000001111000000000		  26 ::  230 
  13 :  (64)  126 ::  130 1110000000000000110000000000000100001110000000000001110000000000		  19 ::  237 
  14 :  (64)  116 ::  140 1100000000000000100000000000000100001100000000000001100000000000		  12 ::  244 
  15 :  (64)  106 ::  150 1000000000000000000000000000000100001000000000000001000000000000		   5 ::  251 
  16 :  (64)   96 ::  160 
present 
   0 :  (64)  288 ::    0 
   1 :  (60)  278 ::   10 1111111111111110111111111111111011111111111111101111111111111110		 248 ::   40 1110111011101110111011101110111011101110111011101110111011101110		 128 ::  160 
   2 :  (60)  272 ::   16 1111111111111110111111111111111011111111111111101111111111111110		 248 ::   40 1110111011101110111011101110111011101110111011101110111011101110		 128 ::  160 
   3 :  (60)  271 ::   17 1111111111111110111111111111111011111111111111101111111111111110		 248 ::   40 1110111011101110111011101110111011101110111011101110111011101110		 128 ::  160 
   4 :  (60)  270 ::   18 1111111111111110111111111111111011111111111111101111111111111110		 248 ::   40 1110111011101110111011101110111011101110111011101110111011101110		 128 ::  160 
   5 :  (56)  260 ::   28 1111111111111100111111111111110011111111111111001111111111111100		 224 ::   64 1110111011101110111011101110111011101110111011101110111011101110		 128 ::  160 
   6 :  (56)  254 ::   34 1111111111111100111111111111110011111111111111001111111111111100		 224 ::   64 1110111011101110111011101110111011101110111011101110111011101110		 128 ::  160 
   7 :  (56)  253 ::   35 1111111111111100111111111111110011111111111111001111111111111100		 224 ::   64 1110111011101110111011101110111011101110111011101110111011101110		 128 ::  160 
   8 :  (56)  252 ::   36 1111111111111100111111111111110011111111111111001111111111111100		 224 ::   64 1110111011101110111011101110111011101110111011101110111011101110		 128 ::  160 
   9 :  (52)  242 ::   46 1111111111111000111111111111100011111111111110001111111111111000		 220 ::   68 1110111011101110111011101110111011101110111011101110111011101110		 128 ::  160 
  10 :  (52)  236 ::   52 1111111111111000111111111111100011111111111110001111111111111000		 220 ::   68 1110111011101110111011101110111011101110111011101110111011101110		 128 ::  160 
  11 :  (52)  235 ::   53 1111111111111000111111111111100011111111111110001111111111111000		 220 ::   68 1110111011101110111011101110111011101110111011101110111011101110		 128 ::  160 
  12 :  (52)  234 ::   54 1111111111111000111111111111100011111111111110001111111111111000		 220 ::   68 1110111011101110111011101110111011101110111011101110111011101110		 128 ::  160 
  13 :  (48)  224 ::   64 1111111111110000111111111111000011111111111100001111111111110000		 216 ::   72 1110111011101110111011101110111011101110111011101110111011101110		 128 ::  160 
  14 :  (48)  218 ::   70 1111111111110000111111111111000011111111111100001111111111110000		 216 ::   72 1110111011101110111011101110111011101110111011101110111011101110		 128 ::  160 
  15 :  (48)  217 ::   71 1111111111110000111111111111000011111111111100001111111111110000		 216 ::   72 1110111011101110111011101110111011101110111011101110111011101110		 128 ::  160 
  16 :  (48)  216 ::   72 1111111111110000111111111111000011111111111100001111111111110000		 216 ::   72 1110111011101110111011101110111011101110111011101110111011101110		 128 ::  160 
  17 :  (44)  206 ::   82 1111111111100000111111111110000011111111111000001111111111100000		 176 ::  112 1100110011001100110011001100110011001100110011001100110011001100		  32 ::  256 
  18 :  (44)  200 ::   88 1111111111100000111111111110000011111111111000001111111111100000		 176 ::  112 1100110011001100110011001100110011001100110011001100110011001100		  32 ::  256 
  19 :  (44)  199 ::   89 1111111111100000111111111110000011111111111000001111111111100000		 176 ::  112 1100110011001100110011001100110011001100110011001100110011001100		  32 ::  256 
  20 :  (44)  198 ::   90 1111111111100000111111111110000011111111111000001111111111100000		 176 ::  112 1100110011001100110011001100110011001100110011001100110011001100		  32 ::  256 
  21 :  (40)  188 ::  100 1111111111000000111111111100000011111111110000001111111111000000		 152 ::  136 1100110011001100110011001100110011001100110011001100110011001100		  32 ::  256 
  22 :  (40)  182 ::  106 1111111111000000111111111100000011111111110000001111111111000000		 152 ::  136 1100110011001100110011001100110011001100110011001100110011001100		  32 ::  256 
  23 :  (40)  181 ::  107 1111111111000000111111111100000011111111110000001111111111000000		 152 ::  136 1100110011001100110011001100110011001100110011001100110011001100		  32 ::  256 
  24 :  (40)  180 ::  108 1111111111000000111111111100000011111111110000001111111111000000		 152 ::  136 1100110011001100110011001100110011001100110011001100110011001100		  32 ::  256 
  25 :  (36)  170 ::  118 1111111110000000111111111000000011111111100000001111111110000000		 148 ::  140 1100110011001100110011001100110011001100110011001100110011001100		  32 ::  256 
  26 :  (36)  164 ::  124 1111111110000000111111111000000011111111100000001111111110000000		 148 ::  140 1100110011001100110011001100110011001100110011001100110011001100		  32 ::  256 
  27 :  (36)  163 ::  125 1111111110000000111111111000000011111111100000001111111110000000		 148 ::  140 1100110011001100110011001100110011001100110011001100110011001100		  32 ::  256 
  28 :  (36)  162 ::  126 1111111110000000111111111000000011111111100000001111111110000000		 148 ::  140 1100110011001100110011001100110011001100110011001100110011001100		  32 ::  256 
  29 :  (32)  152 ::  136 1111111100000000111111110000000011111111000000001111111100000000		 144 ::  144 1100110011001100110011001100110011001100110011001100110011001100		  32 ::  256 
  30 :  (32)  146 ::  142 1111111100000000111111110000000011111111000000001111111100000000		 144 ::  144 1100110011001100110011001100110011001100110011001100110011001100		  32 ::  256 
  31 :  (32)  145 ::  143 1111111100000000111111110000000011111111000000001111111100000000		 144 ::  144 1100110011001100110011001100110011001100110011001100110011001100		  32 ::  256 
  32 :  (32)  144 ::  144 1111111100000000111111110000000011111111000000001111111100000000		 144 ::  144 1100110011001100110011001100110011001100110011001100110011001100		  32 ::  256 
  33 :  (33)  134 ::  154 1111111000000000111111100000000011111110000000001111111000000000		 104 ::  184 1000100010001000100010001000100010001000100010001000100010001000		  16 ::  272 
  34 :  (34)  128 ::  160 1111111000000000111111100000000011111110000000001111111000000000		 104 ::  184 1000100010001000100010001000100010001000100010001000100010001000		  16 ::  272 
  35 :  (35)  127 ::  161 1111111000000000111111100000000011111110000000001111111000000000		 104 ::  184 1000100010001000100010001000100010001000100010001000100010001000		  16 ::  272 
  36 :  (36)  126 ::  162 1111111000000000111111100000000011111110000000001111111000000000		 104 ::  184 1000100010001000100010001000100010001000100010001000100010001000		  16 ::  272 
  37 :  (37)  116 ::  172 1111110000000000111111000000000011111100000000001111110000000000		  80 ::  208 1000100010001000100010001000100010001000100010001000100010001000		  16 ::  272 
  38 :  (38)  110 ::  178 1111110000000000111111000000000011111100000000001111110000000000		  80 ::  208 1000100010001000100010001000100010001000100010001000100010001000		  16 ::  272 
  39 :  (39)  109 ::  179 1111110000000000111111000000000011111100000000001111110000000000		  80 ::  208 1000100010001000100010001000100010001000100010001000100010001000		  16 ::  272 
  40 :  (40)  108 ::  180 1111110000000000111111000000000011111100000000001111110000000000		  80 ::  208 1000100010001000100010001000100010001000100010001000100010001000		  16 ::  272 
  41 :  (41)   98 ::  190 1111100000000000111110000000000011111000000000001111100000000000		  76 ::  212 1000100010001000100010001000100010001000100010001000100010001000		  16 ::  272 
  42 :  (42)   92 ::  196 1111100000000000111110000000000011111000000000001111100000000000		  76 ::  212 1000100010001000100010001000100010001000100010001000100010001000		  16 ::  272 
  43 :  (43)   91 ::  197 1111100000000000111110000000000011111000000000001111100000000000		  76 ::  212 1000100010001000100010001000100010001000100010001000100010001000		  16 ::  272 
  44 :  (44)   90 ::  198 1111100000000000111110000000000011111000000000001111100000000000		  76 ::  212 1000100010001000100010001000100010001000100010001000100010001000		  16 ::  272 
  45 :  (45)   80 ::  208 1111000000000000111100000000000011110000000000001111000000000000		  72 ::  216 1000100010001000100010001000100010001000100010001000100010001000		  16 ::  272 
  46 :  (46)   74 ::  214 1111000000000000111100000000000011110000000000001111000000000000		  72 ::  216 1000100010001000100010001000100010001000100010001000100010001000		  16 ::  272 
  47 :  (47)   73 ::  215 1111000000000000111100000000000011110000000000001111000000000000		  72 ::  216 1000100010001000100010001000100010001000100010001000100010001000		  16 ::  272 
  48 :  (48)   72 ::  216 1111000000000000111100000000000011110000000000001111000000000000		  72 ::  216 1000100010001000100010001000100010001000100010001000100010001000		  16 ::  272 
  49 :  (49)   62 ::  226 1110000000000000111000000000000011100000000000001110000000000000		  32 ::  256 
  50 :  (50)   56 ::  232 1110000000000000111000000000000011100000000000001110000000000000		  32 ::  256 
  51 :  (51)   55 ::  233 1110000000000000111000000000000011100000000000001110000000000000		  32 ::  256 
  52 :  (52)   54 ::  234 1110000000000000111000000000000011100000000000001110000000000000		  32 ::  256 
  53 :  (53)   44 ::  244 1100000000000000110000000000000011000000000000001100000000000000		   8 ::  280 
  54 :  (54)   38 ::  250 1100000000000000110000000000000011000000000000001100000000000000		   8 ::  280 
  55 :  (55)   37 ::  251 1100000000000000110000000000000011000000000000001100000000000000		   8 ::  280 
  56 :  (56)   36 ::  252 1100000000000000110000000000000011000000000000001100000000000000		   8 ::  280 
  57 :  (57)   26 ::  262 1000000000000000100000000000000010000000000000001000000000000000		   4 ::  284 
  58 :  (58)   20 ::  268 1000000000000000100000000000000010000000000000001000000000000000		   4 ::  284 
  59 :  (59)   19 ::  269 1000000000000000100000000000000010000000000000001000000000000000		   4 ::  284 
  60 :  (60)   18 ::  270 1000000000000000100000000000000010000000000000001000000000000000		   4 ::  284 
  61 :  (61)    8 ::  280 
  62 :  (62)    2 ::  286 
  63 :  (63)    1 ::  287 
xoodoo 
   0 :  (192) 1923 ::    0 
   1 :  (192) 1871 ::   52 111111011111111011111111111111111111111111111111111111111111111111111011111111011111111111111111111111111111111111111111111111111111111111111111111111111111011111111110101111111111111110111111		1222 ::  701 110000011111100000000001100000000000111010000111110000101110000110000011111100000000001100000000000111010000111010000101110000101000011101100010111000010111001011111000001011111000000000110000		  69 :: 1854 
   2 :  (192) 1818 ::  105 111110011111110011111111111111111111111111111111111111111111111111110011111110001111111111111110111111111111111111111111111111111111111111111111111111111110011111111100001111111111111100111111		 905 :: 1018 100000011111000000000001000000000000110000000110100000001100000000000011111000000000001000000000000110000000110000000001100000000000011001000000110000000110000011110000000011110000000000100000		  21 :: 1902 
   3 :  (192) 1770 ::  153 111100011111100011111111111111101111111111111111111111111111111111100011111100001111111111111100111111111111111111111111111111111111111111111111111111111100011111111000001111111111111000111111		 684 :: 1239 000000011110000000000000000000000000100000000100000000001000000000000011110000000000000000000000000100000000100000000001000000000000010000000000100000000100000011100000000011100000000000000000		   9 :: 1914 
   4 :  (192) 1722 ::  201 111000011111000011111111111111001111111111111111111111111111111111000011111000001111111111111000111111111111111111111111111111111111111111111111111111111000011111110000001111101111110000111110		 507 :: 1416 000000011100000000000000000000000000000000000000000000000000000000000011100000000000000000000000000000000000000000000000000000000000000000000000000000000000000011000000000011000000000000000000		   5 :: 1918 
   5 :  (192) 1634 ::  289 110000011110000011111111111110001111111111111111111111011111111010000011110000001111111111110000111111111111111111111011111111001111111111110111111111100000011111100000001111001111100000111100		 332 :: 1591 000000011000000000000000000000000000000000000000000000000000000000000011000000000000000000000000000000000000000000000000000000000000000000000000000000000000000010000000000000000000000000000000		   2 :: 1921 
   6 :  (192) 1553 ::  370 100000011100000011111111111100001111111111111111111110011111110000000011100000001111111111100000111111111111111111110011111110001111111111100111111111000000011111000000001110001111000000111000		 225 :: 1698 000000010000000000000000000000000000000000000000000000000000000000000010000000000000000000000000000000000000000000000000000000000000000000000000000000000000000000000000000000000000000000000000		   0 :: 1923 
   7 :  (192) 1473 ::  450 000000011000000011111111111000001111111111111111111100011111100000000011000000001111111111000000111111111111111111100011111100001111111111000111111110000000011110000000001100001110000000110000		 135 :: 1788 
   8 :  (192) 1393 ::  530 000000010000000011111111110000001111111111111111111000011111000000000010000000001111111110000000111111111111111111000011111000001111111110000111111100000000011000000000001000001100000000100000		  89 :: 1834 
   9 :  (192) 1278 ::  645 000000000000000011111111100000001111110111111110110000011110000000000000000000001111111100000000111110111111110010000011110000001111111000000111111000000000010000000000000000001000000000000000		  58 :: 1865 
  10 :  (192) 1192 ::  731 000000000000000011111111000000001111100111111100100000011100000000000000000000001111111000000000111100111111100000000011100000001111110000000111110000000000000000000000000000000000000000000000		  47 :: 1876 
  11 :  (192) 1110 ::  813 000000000000000011111110000000001111000111111000000000011000000000000000000000001111110000000000111000111111000000000011000000001111100000000111100000000000000000000000000000000000000000000000		  37 :: 1886 
  12 :  (192) 1028 ::  895 000000000000000011111100000000001110000111110000000000010000000000000000000000001111100000000000110000111110000000000010000000001111000000000110000000000000000000000000000000000000000000000000		  29 :: 1894 
  13 :  (192)  930 ::  993 000000000000000011111000000000001100000111100000000000000000000000000000000000001111000000000000100000111100000000000000000000001110000000000100000000000000000000000000000000000000000000000000		  22 :: 1901 
  14 :  (192)  849 :: 1074 000000000000000011110000000000001000000111000000000000000000000000000000000000001110000000000000000000111000000000000000000000001100000000000000000000000000000000000000000000000000000000000000		  17 :: 1906 
  15 :  (192)  773 :: 1150 000000000000000011100000000000000000000110000000000000000000000000000000000000001100000000000000000000110000000000000000000000001000000000000000000000000000000000000000000000000000000000000000		  12 :: 1911 
  16 :  (192)  697 :: 1226 000000000000000011000000000000000000000100000000000000000000000000000000000000001000000000000000000000100000000000000000000000000000000000000000000000000000000000000000000000000000000000000000		   9 :: 1914 
  17 :  (192)  622 :: 1301 000000000000000010000000000000000000000000000000000000000000000000000000000000000000000000000000000000000000000000000000000000000000000000000000000000000000000000000000000000000000000000000000		   7 :: 1916 
  18 :  (192)  562 :: 1361 000000000000000000000000000000000000000000000000000000000000000000000000000000000000000000000000000000000000000000000000000000000000000000000000000000000000000000000000000000000000000000000000		   5 :: 1918 
  19 :  (192)  507 :: 1416 000000000000000000000000000000000000000000000000000000000000000000000000000000000000000000000000000000000000000000000000000000000000000000000000000000000000000000000000000000000000000000000000		   3 :: 1920 
  20 :  (192)  452 :: 1471 000000000000000000000000000000000000000000000000000000000000000000000000000000000000000000000000000000000000000000000000000000000000000000000000000000000000000000000000000000000000000000000000		   2 :: 1921 
  21 :  (192)  398 :: 1525 000000000000000000000000000000000000000000000000000000000000000000000000000000000000000000000000000000000000000000000000000000000000000000000000000000000000000000000000000000000000000000000000		   1 :: 1922 
  22 :  (192)  354 :: 1569 000000000000000000000000000000000000000000000000000000000000000000000000000000000000000000000000000000000000000000000000000000000000000000000000000000000000000000000000000000000000000000000000		   0 :: 1923 
  23 :  (192)  315 :: 1608 
gift_bitslice 
   0 :  (128)  450 ::    0 
   1 :  (128)  439 ::   11 11111111111111111111111111111110111111111111111111111110111111111111111111111110111111111111111111111110111111111111111111111111		 401 ::   49 11111111111111111111111110101010111111111111111110101010111111111111111110101010111111111111111110101010111111111111111111111111		 253 ::  197 11111111000000001111111100000000000000001111111100000000111111111111111100000000111111110000000000000000111111110000000011111111		  48 ::  402 
   2 :  (128)  428 ::   22 11111110111111111111111111111110111111111111111111111110111111101111111111111110111111101111111111111110111111101111111111111111		 398 ::   52 11111111111111111111111110101010111111111111111110101010111111111111111110101010111111111111111110101010111111111111111111111111		 253 ::  197 11111111000000001111111100000000000000001111111100000000111111111111111100000000111111110000000000000000111111110000000011111111		  48 ::  402 
   3 :  (128)  417 ::   33 11111110111111101111111111111110111111101111111111111110111111101111111111111110111111101111111011111110111111101111111011111111		 398 ::   52 11111111111111111111111110101010111111111111111110101010111111111111111110101010111111111111111110101010111111111111111111111111		 253 ::  197 11111111000000001111111100000000000000001111111100000000111111111111111100000000111111110000000000000000111111110000000011111111		  48 ::  402 
   4 :  (128)  405 ::   45 11111110111111101111111011111110111111101111111011111110111111101111111011111110111111101111111011111110111111101111111011111110		 398 ::   52 11111111111111111111111110101010111111111111111110101010111111111111111110101010111111111111111110101010111111111111111111111111		 253 ::  197 11111111000000001111111100000000000000001111111100000000111111111111111100000000111111110000000000000000111111110000000011111111		  48 ::  402 
   5 :  (128)  394 ::   56 11111110111111101111111011111100111111101111111011111100111111101111111011111100111111101111111011111100111111101111111011111110		 349 ::  101 10101010111111111111111110101010111111111111111110101010101010101111111110101010101010101111111110101010101010101111111111111111		 241 ::  209 11111111000000001111111100000000000000001111111100000000111111111111111100000000111111110000000000000000111111110000000011111111		  48 ::  402 
   6 :  (128)  383 ::   67 11111100111111101111111011111100111111101111111011111100111111001111111011111100111111001111111011111100111111001111111011111110		 346 ::  104 10101010111111111111111110101010111111111111111110101010101010101111111110101010101010101111111110101010101010101111111111111111		 241 ::  209 11111111000000001111111100000000000000001111111100000000111111111111111100000000111111110000000000000000111111110000000011111111		  48 ::  402 
   7 :  (128)  372 ::   78 11111100111111001111111011111100111111001111111011111100111111001111111011111100111111001111110011111100111111001111110011111110		 346 ::  104 10101010111111111111111110101010111111111111111110101010101010101111111110101010101010101111111110101010101010101111111111111111		 241 ::  209 11111111000000001111111100000000000000001111111100000000111111111111111100000000111111110000000000000000111111110000000011111111		  48 ::  402 
   8 :  (128)  361 ::   89 11111100111111001111110011111100111111001111110011111100111111001111110011111100111111001111110011111100111111001111110011111100		 346 ::  104 10101010111111111111111110101010111111111111111110101010101010101111111110101010101010101111111110101010101010101111111111111111		 241 ::  209 11111111000000001111111100000000000000001111111100000000111111111111111100000000111111110000000000000000111111110000000011111111		  48 ::  402 
   9 :  (128)  350 ::  100 11111100111111001111110011111000111111001111110011111000111111001111110011111000111111001111110011111000111111001111110011111100		 297 ::  153 10101010101010101111111110101010101010101111111110101010101010101111111110101010101010101010101010101010101010101010101011111111		 241 ::  209 11111111000000001111111100000000000000001111111100000000111111111111111100000000111111110000000000000000111111110000000011111111		  48 ::  402 
  10 :  (128)  339 ::  111 11111000111111001111110011111000111111001111110011111000111110001111110011111000111110001111110011111000111110001111110011111100		 294 ::  156 10101010101010101111111110101010101010101111111110101010101010101111111110101010101010101010101010101010101010101010101011111111		 241 ::  209 11111111000000001111111100000000000000001111111100000000111111111111111100000000111111110000000000000000111111110000000011111111		  48 ::  402 
  11 :  (128)  328 ::  122 11111000111110001111110011111000111110001111110011111000111110001111110011111000111110001111100011111000111110001111100011111100		 294 ::  156 10101010101010101111111110101010101010101111111110101010101010101111111110101010101010101010101010101010101010101010101011111111		 241 ::  209 11111111000000001111111100000000000000001111111100000000111111111111111100000000111111110000000000000000111111110000000011111111		  48 ::  402 
  12 :  (128)  317 ::  133 11111000111110001111100011111000111110001111100011111000111110001111100011111000111110001111100011111000111110001111100011111000		 294 ::  156 10101010101010101111111110101010101010101111111110101010101010101111111110101010101010101010101010101010101010101010101011111111		 241 ::  209 11111111000000001111111100000000000000001111111100000000111111111111111100000000111111110000000000000000111111110000000011111111		  48 ::  402 
  13 :  (128)  306 ::  144 11111000111110001111100011110000111110001111100011110000111110001111100011110000111110001111100011110000111110001111100011111000		 244 ::  206 10101010101010101010101010101010101010101010101010101010101010101010101010101010101010101010101010101010101010101010101010101010		 241 ::  209 11111111000000001111111100000000000000001111111100000000111111111111111100000000111111110000000000000000111111110000000011111111		  48 ::  402 
  14 :  (128)  295 ::  155 11110000111110001111100011110000111110001111100011110000111100001111100011110000111100001111100011110000111100001111100011111000		 241 ::  209 10101010101010101010101010101010101010101010101010101010101010101010101010101010101010101010101010101010101010101010101010101010		 241 ::  209 11111111000000001111111100000000000000001111111100000000111111111111111100000000111111110000000000000000111111110000000011111111		  48 ::  402 
  15 :  (128)  284 ::  166 11110000111100001111100011110000111100001111100011110000111100001111100011110000111100001111000011110000111100001111000011111000		 241 ::  209 10101010101010101010101010101010101010101010101010101010101010101010101010101010101010101010101010101010101010101010101010101010		 241 ::  209 11111111000000001111111100000000000000001111111100000000111111111111111100000000111111110000000000000000111111110000000011111111		  48 ::  402 
  16 :  (128)  273 ::  177 11110000111100001111000011110000111100001111000011110000111100001111000011110000111100001111000011110000111100001111000011110000		 241 ::  209 10101010101010101010101010101010101010101010101010101010101010101010101010101010101010101010101010101010101010101010101010101010		 241 ::  209 11111111000000001111111100000000000000001111111100000000111111111111111100000000111111110000000000000000111111110000000011111111		  48 ::  402 
  17 :  (128)  262 ::  188 11110000111100001111000011100000111100001111000011100000111100001111000011100000111100001111000011100000111100001111000011110000		 191 ::  259 10101010101010101010101000000000101010101010101000000000101010101010101000000000101010101010101000000000101010101010101010101010		  44 ::  406 
  18 :  (128)  251 ::  199 11100000111100001111000011100000111100001111000011100000111000001111000011100000111000001111000011100000111000001111000011110000		 188 ::  262 10101010101010101010101000000000101010101010101000000000101010101010101000000000101010101010101000000000101010101010101010101010		  44 ::  406 
  19 :  (128)  240 ::  210 11100000111000001111000011100000111000001111000011100000111000001111000011100000111000001110000011100000111000001110000011110000		 188 ::  262 10101010101010101010101000000000101010101010101000000000101010101010101000000000101010101010101000000000101010101010101010101010		  44 ::  406 
  20 :  (128)  229 ::  221 11100000111000001110000011100000111000001110000011100000111000001110000011100000111000001110000011100000111000001110000011100000		 188 ::  262 10101010101010101010101000000000101010101010101000000000101010101010101000000000101010101010101000000000101010101010101010101010		  44 ::  406 
  21 :  (128)  218 ::  232 11100000111000001110000011000000111000001110000011000000111000001110000011000000111000001110000011000000111000001110000011100000		 139 ::  311 00000000101010101010101000000000101010101010101000000000000000001010101000000000000000001010101000000000000000001010101010101010		  32 ::  418 
  22 :  (128)  207 ::  243 11000000111000001110000011000000111000001110000011000000110000001110000011000000110000001110000011000000110000001110000011100000		 136 ::  314 00000000101010101010101000000000101010101010101000000000000000001010101000000000000000001010101000000000000000001010101010101010		  32 ::  418 
  23 :  (128)  196 ::  254 11000000110000001110000011000000110000001110000011000000110000001110000011000000110000001100000011000000110000001100000011100000		 136 ::  314 00000000101010101010101000000000101010101010101000000000000000001010101000000000000000001010101000000000000000001010101010101010		  32 ::  418 
  24 :  (128)  185 ::  265 11000000110000001100000011000000110000001100000011000000110000001100000011000000110000001100000011000000110000001100000011000000		 136 ::  314 00000000101010101010101000000000101010101010101000000000000000001010101000000000000000001010101000000000000000001010101010101010		  32 ::  418 
  25 :  (128)  174 ::  276 11000000110000001100000010000000110000001100000010000000110000001100000010000000110000001100000010000000110000001100000011000000		  87 ::  363 00000000000000001010101000000000000000001010101000000000000000001010101000000000000000000000000000000000000000000000000010101010		  32 ::  418 
  26 :  (128)  163 ::  287 10000000110000001100000010000000110000001100000010000000100000001100000010000000100000001100000010000000100000001100000011000000		  84 ::  366 00000000000000001010101000000000000000001010101000000000000000001010101000000000000000000000000000000000000000000000000010101010		  32 ::  418 
  27 :  (128)  152 ::  298 10000000100000001100000010000000100000001100000010000000100000001100000010000000100000001000000010000000100000001000000011000000		  84 ::  366 00000000000000001010101000000000000000001010101000000000000000001010101000000000000000000000000000000000000000000000000010101010		  32 ::  418 
  28 :  (128)  141 ::  309 10000000100000001000000010000000100000001000000010000000100000001000000010000000100000001000000010000000100000001000000010000000		  84 ::  366 00000000000000001010101000000000000000001010101000000000000000001010101000000000000000000000000000000000000000000000000010101010		  32 ::  418 
  29 :  (128)  129 ::  321 10000000100000001000000000000000100000001000000000000000100000001000000000000000100000001000000000000000100000001000000010000000		  35 ::  415 
  30 :  (128)  118 ::  332 00000000100000001000000000000000100000001000000000000000000000001000000000000000000000001000000000000000000000001000000010000000		  32 ::  418 
  31 :  (128)  107 ::  343 00000000000000001000000000000000000000001000000000000000000000001000000000000000000000000000000000000000000000000000000010000000		  32 ::  418 
photon_bitslice 
   0 :  (256) 3928 ::    0 
   1 :  (256) 3565 ::  363 0000111111111111111111111111111100001111111111111111111111111111000011111111111111111111111111110000111111111111111111111111111100001111111111111111111111111111000011111111111111111111111111110000111111111111111111111111111100001111111111111111111111111111		 997 :: 2931 
   2 :  (256) 3560 ::  368 0000111111111111111111111111111100001111111111111111111111111111000011111111111111111111111111110000111111111111111111111111111100001111111111111111111111111111000011111111111111111111111111110000111111111111111111111111111100001111111111111111111111111111		 997 :: 2931 
   3 :  (256) 3560 ::  368 0000111111111111111111111111111100001111111111111111111111111111000011111111111111111111111111110000111111111111111111111111111100001111111111111111111111111111000011111111111111111111111111110000111111111111111111111111111100001111111111111111111111111111		 997 :: 2931 
   4 :  (256) 3560 ::  368 0000111111111111111111111111111100001111111111111111111111111111000011111111111111111111111111110000111111111111111111111111111100001111111111111111111111111111000011111111111111111111111111110000111111111111111111111111111100001111111111111111111111111111		 997 :: 2931 
   5 :  (256) 3193 ::  735 0000000011111111111111111111111100000000111111111111111111111111000000001111111111111111111111110000000011111111111111111111111100000000111111111111111111111111000000001111111111111111111111110000000011111111111111111111111100000000111111111111111111111111		 764 :: 3164 
   6 :  (256) 3188 ::  740 0000000011111111111111111111111100000000111111111111111111111111000000001111111111111111111111110000000011111111111111111111111100000000111111111111111111111111000000001111111111111111111111110000000011111111111111111111111100000000111111111111111111111111		 764 :: 3164 
   7 :  (256) 3188 ::  740 0000000011111111111111111111111100000000111111111111111111111111000000001111111111111111111111110000000011111111111111111111111100000000111111111111111111111111000000001111111111111111111111110000000011111111111111111111111100000000111111111111111111111111		 764 :: 3164 
   8 :  (256) 3188 ::  740 0000000011111111111111111111111100000000111111111111111111111111000000001111111111111111111111110000000011111111111111111111111100000000111111111111111111111111000000001111111111111111111111110000000011111111111111111111111100000000111111111111111111111111		 764 :: 3164 
   9 :  (256) 2453 :: 1475 0000000000001111111111111111000000000000000011111111111111110000000000000000111111111111111100000000000000001111111111111111000000000000000011111111111111110000000000000000111111111111111100000000000000001111111111111111000000000000000011111111111111110000		 478 :: 3450 
  10 :  (256) 2443 :: 1485 0000000000001111111111111111000000000000000011111111111111110000000000000000111111111111111100000000000000001111111111111111000000000000000011111111111111110000000000000000111111111111111100000000000000001111111111111111000000000000000011111111111111110000		 478 :: 3450 
  11 :  (256) 2443 :: 1485 0000000000001111111111111111000000000000000011111111111111110000000000000000111111111111111100000000000000001111111111111111000000000000000011111111111111110000000000000000111111111111111100000000000000001111111111111111000000000000000011111111111111110000		 478 :: 3450 
  12 :  (256) 2443 :: 1485 0000000000001111111111111111000000000000000011111111111111110000000000000000111111111111111100000000000000001111111111111111000000000000000011111111111111110000000000000000111111111111111100000000000000001111111111111111000000000000000011111111111111110000		 478 :: 3450 
  13 :  (256) 2075 :: 1853 0000000000000000111111111111000000000000000000001111111111110000000000000000000011111111111100000000000000000000111111111111000000000000000000001111111111110000000000000000000011111111111100000000000000000000111111111111000000000000000000001111111111110000		 351 :: 3577 
  14 :  (256) 2065 :: 1863 0000000000000000111111111111000000000000000000001111111111110000000000000000000011111111111100000000000000000000111111111111000000000000000000001111111111110000000000000000000011111111111100000000000000000000111111111111000000000000000000001111111111110000		 351 :: 3577 
  15 :  (256) 2065 :: 1863 0000000000000000111111111111000000000000000000001111111111110000000000000000000011111111111100000000000000000000111111111111000000000000000000001111111111110000000000000000000011111111111100000000000000000000111111111111000000000000000000001111111111110000		 351 :: 3577 
  16 :  (256) 2065 :: 1863 0000000000000000111111111111000000000000000000001111111111110000000000000000000011111111111100000000000000000000111111111111000000000000000000001111111111110000000000000000000011111111111100000000000000000000111111111111000000000000000000001111111111110000		 351 :: 3577 
  17 :  (256) 1308 :: 2620 0000000000000000000011110000000000000000000000000000111100000000000000000000000000001111000000000000000000000000000011110000000000000000000000000000111100000000000000000000000000001111000000000000000000000000000011110000000000000000000000000000111100000000		 112 :: 3816 
  18 :  (256) 1293 :: 2635 0000000000000000000011110000000000000000000000000000111100000000000000000000000000001111000000000000000000000000000011110000000000000000000000000000111100000000000000000000000000001111000000000000000000000000000011110000000000000000000000000000111100000000		 112 :: 3816 
  19 :  (256) 1293 :: 2635 0000000000000000000011110000000000000000000000000000111100000000000000000000000000001111000000000000000000000000000011110000000000000000000000000000111100000000000000000000000000001111000000000000000000000000000011110000000000000000000000000000111100000000		 112 :: 3816 
  20 :  (256) 1293 :: 2635 0000000000000000000011110000000000000000000000000000111100000000000000000000000000001111000000000000000000000000000011110000000000000000000000000000111100000000000000000000000000001111000000000000000000000000000011110000000000000000000000000000111100000000		 112 :: 3816 
  21 :  (256)  900 :: 3028 
  22 :  (256)  885 :: 3043 
  23 :  (256)  885 :: 3043 
